1900	1904	11.3	291.2
1905	1909	11.3	291.3
1910	1914	11.3	291.3
1915	1919	11.4	291.4
1920	1924	11.4	291.6
1925	1929	11.4	291.7
1930	1934	11.4	291.7
1935	1939	11.4	291.6
1940	1944	11.5	291.5
1945	1949	11.5	291.5
1950	1954	11.5	291.2
1955	1959	11.5	290.8
1960	1964	11.4	290.5
1965	1969	11.4	290.1
1970	1974	11.3	289.8
1975	1979	11.2	289.5
1980	1984	11.1	289.2
1985	1989	11		289.1
1990	1994	10.8	288.9
1995	1999	10.6	288.6
2000	2004	10.4	288.4
2005	2009	10.2	288.2
2010	2014	9.9		287.8
2015	2019	9.6		287.4